Webots Project File version R2020a
perspectives: 000000ff00000000fd0000000300000000000000f50000029ffc0100000003fc00000000ffffffff0000000000fffffffc0200000001fb00000012005300630065006e0065005400720065006501000000000000039f0000000000000000fb0000001e00480074006d006c0052006f0062006f007400570069006e0064006f00770000000000000000f50000000000000000fb0000001a0044006f00630075006d0065006e0074006100740069006f006e0000000000ffffffff0000006900ffffff000000010000013b00000224fc0200000001fb0000001400540065007800740045006400690074006f00720100000016000002240000008900ffffff000000030000051300000079fc0100000001fb0000000e0043006f006e0073006f006c00650100000000000005130000006900ffffff000003d60000022400000004000000040000000100000008fc00000000
simulationViewPerspectives: 000000ff0000000100000002000001000000039a0100000002010000000101
sceneTreePerspectives: 000000ff0000000100000002000000c0000000fa0100000002010000000201
maximizedDockId: -1
centralWidgetVisible: 1
selectionDisabled: 0
viewpointLocked: 0
orthographicViewHeight: 1
textFiles: 0 "../../../../../usr/local/webots/projects/robots/kuka/youbot/protos/KukaBox.proto"
globalOptionalRendering: CoordinateSystem
renderingDevicePerspectives: youBot:kinect color;0;0.731579;0;0
renderingDevicePerspectives: youBot:kinect range;0;0.765625;0;0
